# This file may be used to create an environment using:
# $ conda create --name <env> --file <this file>
# platform: win-64
blas=2.106=mkl
brotli-python=1.1.0=py39h99910a6_0
ca-certificates=2023.7.22=h56e8100_0
certifi=2023.7.22=pyhd8ed1ab_0
charset-normalizer=3.2.0=pyhd8ed1ab_0
contourpy=1.1.1=pypi_0
cpuonly=2.0=0
cycler=0.11.0=pypi_0
filelock=3.12.4=pyhd8ed1ab_0
fonttools=4.42.1=pypi_0
freetype=2.12.1=hdaf720e_2
idna=3.4=pyhd8ed1ab_0
importlib-resources=6.0.1=pypi_0
intel-openmp=2023.2.0=h57928b3_49496
jbig=2.1=h8d14728_2003
jinja2=3.1.2=pyhd8ed1ab_1
jpeg=9e=hcfcfb64_3
kiwisolver=1.4.5=pypi_0
lcms2=2.12=h83e58a3_0
lerc=3.0=hd77b12b_0
libblas=3.9.0=6_mkl
libcblas=3.9.0=6_mkl
libdeflate=1.8=h2bbff1b_5
liblapack=3.9.0=6_mkl
liblapacke=3.9.0=6_mkl
libpng=1.6.39=h19919ed_0
libsqlite=3.43.0=hcfcfb64_0
libtiff=4.3.0=hd413186_2
libuv=1.44.2=hcfcfb64_1
libzlib=1.2.13=hcfcfb64_5
m2w64-gcc-libgfortran=5.3.0=6
m2w64-gcc-libs=5.3.0=7
m2w64-gcc-libs-core=5.3.0=7
m2w64-gmp=6.1.0=2
m2w64-libwinpthread-git=5.0.0.4634.697f757=2
markupsafe=2.1.3=py39ha55989b_0
matplotlib=3.8.0=pypi_0
mkl=2020.4=hb70f87d_311
mpmath=1.3.0=pyhd8ed1ab_0
msys2-conda-epoch=20160418=1
networkx=3.1=pyhd8ed1ab_0
numpy=1.26.0=py39h816b6a6_0
olefile=0.46=pyh9f0ad1d_1
opencv-python=4.8.0.76=pypi_0
openjpeg=2.5.0=hb211442_0
openssl=1.1.1w=hcfcfb64_0
packaging=23.1=pypi_0
pillow=8.4.0=py39h916092e_0
pip=23.2.1=pyhd8ed1ab_0
pyparsing=3.1.1=pypi_0
pyqt5=5.15.9=pypi_0
pyqt5-qt5=5.15.2=pypi_0
pyqt5-sip=12.12.2=pypi_0
pysocks=1.7.1=pyh0701188_6
python=3.9.0=h7840368_5_cpython
python-dateutil=2.8.2=pypi_0
python_abi=3.9=3_cp39
pythonqwt=0.10.2=pypi_0
pytorch=2.0.1=py3.9_cpu_0
pytorch-mutex=1.0=cpu
qimage2ndarray=1.10.0=pypi_0
qtpy=2.4.0=pypi_0
requests=2.31.0=pyhd8ed1ab_0
setuptools=68.2.2=pyhd8ed1ab_0
six=1.16.0=pypi_0
sqlite=3.43.0=hcfcfb64_0
sympy=1.12=pyh04b8f61_3
tk=8.6.12=h8ffe710_0
torchvision=0.15.2=py39_cpu
typing_extensions=4.7.1=pyha770c72_0
tzdata=2023c=h71feb2d_0
ucrt=10.0.22621.0=h57928b3_0
urllib3=2.0.4=pyhd8ed1ab_0
vc=14.3=h64f974e_17
vc14_runtime=14.36.32532=hdcecf7f_17
vs2015_runtime=14.36.32532=h05e6639_17
wheel=0.41.2=pyhd8ed1ab_0
win_inet_pton=1.1.0=pyhd8ed1ab_6
xz=5.2.6=h8d14728_0
zipp=3.16.2=pypi_0
zlib=1.2.13=hcfcfb64_5
zstd=1.5.5=h12be248_0
